1.000e-02 1.650e+01 3.539e-04 
1.250e-02 1.398e+01 5.192e-04 
1.500e-02 1.221e+01 7.111e-04 
1.750e-02 1.088e+01 9.284e-04 
2.000e-02 9.851e+00 1.170e-03 
2.500e-02 8.345e+00 1.724e-03 
3.000e-02 7.294e+00 2.367e-03 
3.500e-02 6.516e+00 3.094e-03 
4.000e-02 5.916e+00 3.900e-03 
4.500e-02 5.437e+00 4.783e-03 
5.000e-02 5.046e+00 5.738e-03 
5.500e-02 4.721e+00 6.763e-03 
6.000e-02 4.446e+00 7.855e-03 
7.000e-02 4.005e+00 1.023e-02 
8.000e-02 3.668e+00 1.284e-02 
9.000e-02 3.401e+00 1.568e-02 
1.000e-01 3.185e+00 1.872e-02 
1.250e-01 2.789e+00 2.714e-02 
1.500e-01 2.521e+00 3.659e-02 
1.750e-01 2.328e+00 4.693e-02 
2.000e-01 2.183e+00 5.804e-02 
2.500e-01 1.981e+00 8.217e-02 
3.000e-01 1.849e+00 1.083e-01 
3.500e-01 1.757e+00 1.361e-01 
4.000e-01 1.691e+00 1.652e-01 
4.500e-01 1.642e+00 1.952e-01 
5.000e-01 1.604e+00 2.260e-01 
5.500e-01 1.576e+00 2.575e-01 
6.000e-01 1.554e+00 2.894e-01 
7.000e-01 1.522e+00 3.545e-01 
8.000e-01 1.503e+00 4.206e-01 
9.000e-01 1.492e+00 4.874e-01 
1.000e+00 1.486e+00 5.546e-01 
1.250e+00 1.484e+00 7.231e-01 
1.500e+00 1.491e+00 8.913e-01 
1.750e+00 1.504e+00 1.058e+00 
2.000e+00 1.518e+00 1.224e+00 
2.500e+00 1.549e+00 1.550e+00 
3.000e+00 1.580e+00 1.869e+00 
3.500e+00 1.609e+00 2.183e+00 
4.000e+00 1.637e+00 2.491e+00 
4.500e+00 1.664e+00 2.794e+00 
5.000e+00 1.690e+00 3.092e+00 
5.500e+00 1.715e+00 3.386e+00 
6.000e+00 1.739e+00 3.675e+00 
7.000e+00 1.787e+00 4.242e+00 
8.000e+00 1.833e+00 4.795e+00 
9.000e+00 1.877e+00 5.334e+00 
1.000e+01 1.921e+00 5.861e+00 
1.250e+01 2.029e+00 7.127e+00 
1.500e+01 2.134e+00 8.328e+00 
1.750e+01 2.237e+00 9.472e+00 
2.000e+01 2.340e+00 1.056e+01 
2.500e+01 2.544e+00 1.261e+01 
3.000e+01 2.746e+00 1.450e+01 
3.500e+01 2.947e+00 1.626e+01 
4.000e+01 3.148e+00 1.790e+01 
4.500e+01 3.349e+00 1.944e+01 
5.000e+01 3.550e+00 2.089e+01 
5.500e+01 3.751e+00 2.226e+01 
6.000e+01 3.951e+00 2.356e+01 
7.000e+01 4.353e+00 2.597e+01 
8.000e+01 4.755e+00 2.817e+01 
9.000e+01 5.158e+00 3.019e+01 
1.000e+02 5.561e+00 3.205e+01 
1.250e+02 6.571e+00 3.619e+01 
1.500e+02 7.583e+00 3.972e+01 
1.750e+02 8.598e+00 4.282e+01 
2.000e+02 9.614e+00 4.557e+01 
2.500e+02 1.165e+01 5.028e+01 
3.000e+02 1.369e+01 5.424e+01 
3.500e+02 1.574e+01 5.764e+01 
4.000e+02 1.778e+01 6.063e+01 
4.500e+02 1.983e+01 6.329e+01 
5.000e+02 2.189e+01 6.569e+01 
5.500e+02 2.394e+01 6.787e+01 
6.000e+02 2.599e+01 6.988e+01 
7.000e+02 3.010e+01 7.345e+01 
8.000e+02 3.421e+01 7.656e+01 
9.000e+02 3.833e+01 7.932e+01 
1.000e+03 4.244e+01 8.180e+01 