1.000e-02 1.390e+01 4.330e-04 
1.250e-02 1.186e+01 6.284e-04 
1.500e-02 1.041e+01 8.539e-04 
1.750e-02 9.323e+00 1.108e-03 
2.000e-02 8.468e+00 1.390e-03 
2.500e-02 7.213e+00 2.032e-03 
3.000e-02 6.330e+00 2.774e-03 
3.500e-02 5.672e+00 3.610e-03 
4.000e-02 5.163e+00 4.536e-03 
4.500e-02 4.756e+00 5.546e-03 
5.000e-02 4.422e+00 6.637e-03 
5.500e-02 4.144e+00 7.806e-03 
6.000e-02 3.908e+00 9.050e-03 
7.000e-02 3.529e+00 1.175e-02 
8.000e-02 3.238e+00 1.471e-02 
9.000e-02 3.007e+00 1.792e-02 
1.000e-01 2.820e+00 2.136e-02 
1.250e-01 2.476e+00 3.085e-02 
1.500e-01 2.242e+00 4.149e-02 
1.750e-01 2.074e+00 5.310e-02 
2.000e-01 1.947e+00 6.556e-02 
2.500e-01 1.771e+00 9.257e-02 
3.000e-01 1.656e+00 1.218e-01 
3.500e-01 1.576e+00 1.528e-01 
4.000e-01 1.519e+00 1.851e-01 
4.500e-01 1.477e+00 2.186e-01 
5.000e-01 1.445e+00 2.528e-01 
5.500e-01 1.421e+00 2.877e-01 
6.000e-01 1.402e+00 3.232e-01 
7.000e-01 1.376e+00 3.952e-01 
8.000e-01 1.362e+00 4.683e-01 
9.000e-01 1.354e+00 5.420e-01 
1.000e+00 1.350e+00 6.159e-01 
1.250e+00 1.353e+00 8.011e-01 
1.500e+00 1.365e+00 9.851e-01 
1.750e+00 1.382e+00 1.167e+00 
2.000e+00 1.400e+00 1.347e+00 
2.500e+00 1.440e+00 1.699e+00 
3.000e+00 1.480e+00 2.042e+00 
3.500e+00 1.520e+00 2.375e+00 
4.000e+00 1.560e+00 2.700e+00 
4.500e+00 1.599e+00 3.016e+00 
5.000e+00 1.638e+00 3.325e+00 
5.500e+00 1.676e+00 3.627e+00 
6.000e+00 1.713e+00 3.922e+00 
7.000e+00 1.788e+00 4.493e+00 
8.000e+00 1.861e+00 5.042e+00 
9.000e+00 1.933e+00 5.569e+00 
1.000e+01 2.005e+00 6.077e+00 
1.250e+01 2.182e+00 7.272e+00 
1.500e+01 2.357e+00 8.374e+00 
1.750e+01 2.531e+00 9.397e+00 
2.000e+01 2.704e+00 1.035e+01 
2.500e+01 3.050e+00 1.209e+01 
3.000e+01 3.396e+00 1.365e+01 
3.500e+01 3.741e+00 1.505e+01 
4.000e+01 4.087e+00 1.633e+01 
4.500e+01 4.434e+00 1.750e+01 
5.000e+01 4.782e+00 1.859e+01 
5.500e+01 5.130e+00 1.959e+01 
6.000e+01 5.479e+00 2.054e+01 
7.000e+01 6.178e+00 2.226e+01 
8.000e+01 6.880e+00 2.379e+01 
9.000e+01 7.584e+00 2.517e+01 
1.000e+02 8.289e+00 2.643e+01 
1.250e+02 1.006e+01 2.917e+01 
1.500e+02 1.184e+01 3.146e+01 
1.750e+02 1.362e+01 3.342e+01 
2.000e+02 1.540e+01 3.515e+01 
2.500e+02 1.898e+01 3.807e+01 
3.000e+02 2.256e+01 4.048e+01 
3.500e+02 2.615e+01 4.254e+01 
4.000e+02 2.974e+01 4.433e+01 
4.500e+02 3.334e+01 4.592e+01 
5.000e+02 3.694e+01 4.734e+01 
5.500e+02 4.055e+01 4.863e+01 
6.000e+02 4.415e+01 4.981e+01 
7.000e+02 5.137e+01 5.191e+01 
8.000e+02 5.859e+01 5.373e+01 
9.000e+02 6.581e+01 5.534e+01 
1.000e+03 7.304e+01 5.678e+01 