1.000e-02 8.448e+00 8.255e-04 
1.250e-02 7.379e+00 1.143e-03 
1.500e-02 6.585e+00 1.502e-03 
1.750e-02 5.971e+00 1.902e-03 
2.000e-02 5.480e+00 2.339e-03 
2.500e-02 4.743e+00 3.323e-03 
3.000e-02 4.212e+00 4.445e-03 
3.500e-02 3.812e+00 5.695e-03 
4.000e-02 3.497e+00 7.066e-03 
4.500e-02 3.243e+00 8.552e-03 
5.000e-02 3.034e+00 1.015e-02 
5.500e-02 2.858e+00 1.185e-02 
6.000e-02 2.708e+00 1.365e-02 
7.000e-02 2.466e+00 1.752e-02 
8.000e-02 2.279e+00 2.175e-02 
9.000e-02 2.130e+00 2.629e-02 
1.000e-01 2.008e+00 3.113e-02 
1.250e-01 1.785e+00 4.438e-02 
1.500e-01 1.633e+00 5.905e-02 
1.750e-01 1.524e+00 7.492e-02 
2.000e-01 1.442e+00 9.180e-02 
2.500e-01 1.329e+00 1.280e-01 
3.000e-01 1.257e+00 1.668e-01 
3.500e-01 1.209e+00 2.074e-01 
4.000e-01 1.175e+00 2.494e-01 
4.500e-01 1.152e+00 2.924e-01 
5.000e-01 1.135e+00 3.361e-01 
5.500e-01 1.124e+00 3.804e-01 
6.000e-01 1.117e+00 4.250e-01 
7.000e-01 1.110e+00 5.149e-01 
8.000e-01 1.110e+00 6.050e-01 
9.000e-01 1.115e+00 6.949e-01 
1.000e+00 1.123e+00 7.843e-01 
1.250e+00 1.150e+00 1.004e+00 
1.500e+00 1.183e+00 1.219e+00 
1.750e+00 1.219e+00 1.427e+00 
2.000e+00 1.256e+00 1.629e+00 
2.500e+00 1.331e+00 2.016e+00 
3.000e+00 1.406e+00 2.381e+00 
3.500e+00 1.480e+00 2.728e+00 
4.000e+00 1.553e+00 3.057e+00 
4.500e+00 1.626e+00 3.372e+00 
5.000e+00 1.698e+00 3.673e+00 
5.500e+00 1.769e+00 3.962e+00 
6.000e+00 1.841e+00 4.239e+00 
7.000e+00 1.983e+00 4.762e+00 
8.000e+00 2.125e+00 5.249e+00 
9.000e+00 2.266e+00 5.705e+00 
1.000e+01 2.407e+00 6.133e+00 
1.250e+01 2.761e+00 7.102e+00 
1.500e+01 3.116e+00 7.954e+00 
1.750e+01 3.472e+00 8.713e+00 
2.000e+01 3.830e+00 9.399e+00 
2.500e+01 4.551e+00 1.059e+01 
3.000e+01 5.279e+00 1.161e+01 
3.500e+01 6.011e+00 1.250e+01 
4.000e+01 6.747e+00 1.329e+01 
4.500e+01 7.488e+00 1.399e+01 
5.000e+01 8.231e+00 1.463e+01 
5.500e+01 8.977e+00 1.521e+01 
6.000e+01 9.726e+00 1.574e+01 
7.000e+01 1.123e+01 1.670e+01 
8.000e+01 1.274e+01 1.753e+01 
9.000e+01 1.426e+01 1.828e+01 
1.000e+02 1.578e+01 1.894e+01 
1.250e+02 1.960e+01 2.036e+01 
1.500e+02 2.344e+01 2.153e+01 
1.750e+02 2.729e+01 2.251e+01 
2.000e+02 3.114e+01 2.337e+01 
2.500e+02 3.886e+01 2.480e+01 
3.000e+02 4.660e+01 2.598e+01 
3.500e+02 5.435e+01 2.697e+01 
4.000e+02 6.210e+01 2.783e+01 
4.500e+02 6.986e+01 2.859e+01 
5.000e+02 7.763e+01 2.927e+01 
5.500e+02 8.540e+01 2.988e+01 
6.000e+02 9.318e+01 3.044e+01 
7.000e+02 1.087e+02 3.143e+01 
8.000e+02 1.243e+02 3.229e+01 
9.000e+02 1.399e+02 3.305e+01 
1.000e+03 1.555e+02 3.373e+01 