1.000e-02 2.068e+01 2.761e-04 
1.250e-02 1.742e+01 4.084e-04 
1.500e-02 1.514e+01 5.627e-04 
1.750e-02 1.345e+01 7.383e-04 
2.000e-02 1.214e+01 9.343e-04 
2.500e-02 1.024e+01 1.385e-03 
3.000e-02 8.917e+00 1.910e-03 
3.500e-02 7.944e+00 2.505e-03 
4.000e-02 7.196e+00 3.167e-03 
4.500e-02 6.601e+00 3.894e-03 
5.000e-02 6.117e+00 4.681e-03 
5.500e-02 5.715e+00 5.528e-03 
6.000e-02 5.375e+00 6.431e-03 
7.000e-02 4.832e+00 8.397e-03 
8.000e-02 4.418e+00 1.056e-02 
9.000e-02 4.090e+00 1.292e-02 
1.000e-01 3.826e+00 1.545e-02 
1.250e-01 3.342e+00 2.247e-02 
1.500e-01 3.016e+00 3.037e-02 
1.750e-01 2.781e+00 3.901e-02 
2.000e-01 2.605e+00 4.831e-02 
2.500e-01 2.361e+00 6.855e-02 
3.000e-01 2.201e+00 9.052e-02 
3.500e-01 2.087e+00 1.139e-01 
4.000e-01 2.004e+00 1.384e-01 
4.500e-01 1.941e+00 1.637e-01 
5.000e-01 1.893e+00 1.898e-01 
5.500e-01 1.855e+00 2.165e-01 
6.000e-01 1.825e+00 2.437e-01 
7.000e-01 1.782e+00 2.992e-01 
8.000e-01 1.753e+00 3.558e-01 
9.000e-01 1.734e+00 4.132e-01 
1.000e+00 1.721e+00 4.711e-01 
1.250e+00 1.706e+00 6.171e-01 
1.500e+00 1.705e+00 7.638e-01 
1.750e+00 1.709e+00 9.102e-01 
2.000e+00 1.718e+00 1.056e+00 
2.500e+00 1.739e+00 1.346e+00 
3.000e+00 1.762e+00 1.631e+00 
3.500e+00 1.786e+00 1.913e+00 
4.000e+00 1.809e+00 2.191e+00 
4.500e+00 1.832e+00 2.466e+00 
5.000e+00 1.855e+00 2.737e+00 
5.500e+00 1.877e+00 3.005e+00 
6.000e+00 1.898e+00 3.270e+00 
7.000e+00 1.939e+00 3.791e+00 
8.000e+00 1.979e+00 4.301e+00 
9.000e+00 2.018e+00 4.802e+00 
1.000e+01 2.055e+00 5.293e+00 
1.250e+01 2.146e+00 6.483e+00 
1.500e+01 2.233e+00 7.625e+00 
1.750e+01 2.318e+00 8.724e+00 
2.000e+01 2.402e+00 9.783e+00 
2.500e+01 2.566e+00 1.180e+01 
3.000e+01 2.729e+00 1.369e+01 
3.500e+01 2.890e+00 1.547e+01 
4.000e+01 3.050e+00 1.715e+01 
4.500e+01 3.210e+00 1.875e+01 
5.000e+01 3.369e+00 2.027e+01 
5.500e+01 3.529e+00 2.172e+01 
6.000e+01 3.688e+00 2.310e+01 
7.000e+01 4.007e+00 2.570e+01 
8.000e+01 4.326e+00 2.811e+01 
9.000e+01 4.645e+00 3.034e+01 
1.000e+02 4.965e+00 3.242e+01 
1.250e+02 5.765e+00 3.709e+01 
1.500e+02 6.566e+00 4.115e+01 
1.750e+02 7.369e+00 4.474e+01 
2.000e+02 8.173e+00 4.796e+01 
2.500e+02 9.784e+00 5.354e+01 
3.000e+02 1.140e+01 5.827e+01 
3.500e+02 1.302e+01 6.238e+01 
4.000e+02 1.464e+01 6.600e+01 
4.500e+02 1.626e+01 6.924e+01 
5.000e+02 1.788e+01 7.217e+01 
5.500e+02 1.950e+01 7.485e+01 
6.000e+02 2.112e+01 7.731e+01 
7.000e+02 2.437e+01 8.171e+01 
8.000e+02 2.763e+01 8.556e+01 
9.000e+02 3.088e+01 8.898e+01 
1.000e+03 3.414e+01 9.206e+01 