1.000e-02 1.976e+01 2.884e-04 
1.250e-02 1.663e+01 4.269e-04 
1.500e-02 1.445e+01 5.886e-04 
1.750e-02 1.283e+01 7.727e-04 
2.000e-02 1.158e+01 9.782e-04 
2.500e-02 9.757e+00 1.451e-03 
3.000e-02 8.495e+00 2.002e-03 
3.500e-02 7.566e+00 2.627e-03 
4.000e-02 6.852e+00 3.322e-03 
4.500e-02 6.284e+00 4.085e-03 
5.000e-02 5.822e+00 4.913e-03 
5.500e-02 5.438e+00 5.802e-03 
6.000e-02 5.114e+00 6.751e-03 
7.000e-02 4.597e+00 8.817e-03 
8.000e-02 4.201e+00 1.110e-02 
9.000e-02 3.889e+00 1.357e-02 
1.000e-01 3.637e+00 1.623e-02 
1.250e-01 3.176e+00 2.362e-02 
1.500e-01 2.865e+00 3.193e-02 
1.750e-01 2.642e+00 4.103e-02 
2.000e-01 2.474e+00 5.082e-02 
2.500e-01 2.241e+00 7.213e-02 
3.000e-01 2.089e+00 9.528e-02 
3.500e-01 1.984e+00 1.199e-01 
4.000e-01 1.908e+00 1.456e-01 
4.500e-01 1.852e+00 1.722e-01 
5.000e-01 1.809e+00 1.995e-01 
5.500e-01 1.776e+00 2.274e-01 
6.000e-01 1.751e+00 2.558e-01 
7.000e-01 1.715e+00 3.136e-01 
8.000e-01 1.694e+00 3.723e-01 
9.000e-01 1.681e+00 4.316e-01 
1.000e+00 1.674e+00 4.912e-01 
1.250e+00 1.671e+00 6.408e-01 
1.500e+00 1.680e+00 7.901e-01 
1.750e+00 1.694e+00 9.383e-01 
2.000e+00 1.711e+00 1.085e+00 
2.500e+00 1.747e+00 1.374e+00 
3.000e+00 1.783e+00 1.658e+00 
3.500e+00 1.817e+00 1.935e+00 
4.000e+00 1.850e+00 2.208e+00 
4.500e+00 1.881e+00 2.476e+00 
5.000e+00 1.911e+00 2.740e+00 
5.500e+00 1.940e+00 2.999e+00 
6.000e+00 1.967e+00 3.255e+00 
7.000e+00 2.020e+00 3.757e+00 
8.000e+00 2.068e+00 4.246e+00 
9.000e+00 2.115e+00 4.724e+00 
1.000e+01 2.159e+00 5.192e+00 
1.250e+01 2.262e+00 6.323e+00 
1.500e+01 2.359e+00 7.405e+00 
1.750e+01 2.450e+00 8.445e+00 
2.000e+01 2.539e+00 9.447e+00 
2.500e+01 2.707e+00 1.135e+01 
3.000e+01 2.868e+00 1.315e+01 
3.500e+01 3.020e+00 1.485e+01 
4.000e+01 3.167e+00 1.646e+01 
4.500e+01 3.311e+00 1.801e+01 
5.000e+01 3.452e+00 1.948e+01 
5.500e+01 3.592e+00 2.090e+01 
6.000e+01 3.731e+00 2.227e+01 
7.000e+01 4.006e+00 2.486e+01 
8.000e+01 4.279e+00 2.727e+01 
9.000e+01 4.551e+00 2.954e+01 
1.000e+02 4.822e+00 3.167e+01 
1.250e+02 5.498e+00 3.652e+01 
1.500e+02 6.173e+00 4.081e+01 
1.750e+02 6.847e+00 4.466e+01 
2.000e+02 7.520e+00 4.814e+01 
2.500e+02 8.868e+00 5.425e+01 
3.000e+02 1.022e+01 5.950e+01 
3.500e+02 1.157e+01 6.410e+01 
4.000e+02 1.292e+01 6.819e+01 
4.500e+02 1.427e+01 7.187e+01 
5.000e+02 1.562e+01 7.522e+01 
5.500e+02 1.697e+01 7.829e+01 
6.000e+02 1.832e+01 8.113e+01 
7.000e+02 2.102e+01 8.622e+01 
8.000e+02 2.372e+01 9.069e+01 
9.000e+02 2.643e+01 9.468e+01 
1.000e+03 2.913e+01 9.829e+01 