1.000e-02 2.256e+01 2.515e-04 
1.250e-02 1.898e+01 3.728e-04 
1.500e-02 1.647e+01 5.147e-04 
1.750e-02 1.461e+01 6.762e-04 
2.000e-02 1.318e+01 8.566e-04 
2.500e-02 1.110e+01 1.272e-03 
3.000e-02 9.657e+00 1.756e-03 
3.500e-02 8.596e+00 2.306e-03 
4.000e-02 7.781e+00 2.919e-03 
4.500e-02 7.134e+00 3.591e-03 
5.000e-02 6.607e+00 4.320e-03 
5.500e-02 6.170e+00 5.103e-03 
6.000e-02 5.801e+00 5.940e-03 
7.000e-02 5.211e+00 7.762e-03 
8.000e-02 4.761e+00 9.773e-03 
9.000e-02 4.407e+00 1.196e-02 
1.000e-01 4.119e+00 1.431e-02 
1.250e-01 3.596e+00 2.083e-02 
1.500e-01 3.242e+00 2.817e-02 
1.750e-01 2.988e+00 3.622e-02 
2.000e-01 2.798e+00 4.488e-02 
2.500e-01 2.533e+00 6.372e-02 
3.000e-01 2.360e+00 8.421e-02 
3.500e-01 2.241e+00 1.060e-01 
4.000e-01 2.154e+00 1.288e-01 
4.500e-01 2.090e+00 1.523e-01 
5.000e-01 2.041e+00 1.766e-01 
5.500e-01 2.003e+00 2.013e-01 
6.000e-01 1.972e+00 2.265e-01 
7.000e-01 1.926e+00 2.778e-01 
8.000e-01 1.896e+00 3.302e-01 
9.000e-01 1.876e+00 3.832e-01 
1.000e+00 1.862e+00 4.367e-01 
1.250e+00 1.845e+00 5.717e-01 
1.500e+00 1.841e+00 7.075e-01 
1.750e+00 1.844e+00 8.432e-01 
2.000e+00 1.850e+00 9.785e-01 
2.500e+00 1.868e+00 1.247e+00 
3.000e+00 1.889e+00 1.514e+00 
3.500e+00 1.910e+00 1.777e+00 
4.000e+00 1.931e+00 2.037e+00 
4.500e+00 1.951e+00 2.295e+00 
5.000e+00 1.971e+00 2.550e+00 
5.500e+00 1.991e+00 2.802e+00 
6.000e+00 2.010e+00 3.052e+00 
7.000e+00 2.047e+00 3.545e+00 
8.000e+00 2.082e+00 4.030e+00 
9.000e+00 2.116e+00 4.506e+00 
1.000e+01 2.149e+00 4.975e+00 
1.250e+01 2.230e+00 6.117e+00 
1.500e+01 2.306e+00 7.219e+00 
1.750e+01 2.381e+00 8.286e+00 
2.000e+01 2.454e+00 9.320e+00 
2.500e+01 2.598e+00 1.130e+01 
3.000e+01 2.738e+00 1.317e+01 
3.500e+01 2.876e+00 1.496e+01 
4.000e+01 3.013e+00 1.665e+01 
4.500e+01 3.150e+00 1.828e+01 
5.000e+01 3.286e+00 1.983e+01 
5.500e+01 3.421e+00 2.132e+01 
6.000e+01 3.556e+00 2.276e+01 
7.000e+01 3.827e+00 2.547e+01 
8.000e+01 4.096e+00 2.799e+01 
9.000e+01 4.366e+00 3.035e+01 
1.000e+02 4.636e+00 3.258e+01 
1.250e+02 5.311e+00 3.761e+01 
1.500e+02 5.987e+00 4.204e+01 
1.750e+02 6.663e+00 4.600e+01 
2.000e+02 7.341e+00 4.957e+01 
2.500e+02 8.698e+00 5.582e+01 
3.000e+02 1.006e+01 6.116e+01 
3.500e+02 1.142e+01 6.583e+01 
4.000e+02 1.278e+01 6.996e+01 
4.500e+02 1.414e+01 7.368e+01 
5.000e+02 1.551e+01 7.706e+01 
5.500e+02 1.688e+01 8.014e+01 
6.000e+02 1.824e+01 8.299e+01 
7.000e+02 2.098e+01 8.810e+01 
8.000e+02 2.371e+01 9.258e+01 
9.000e+02 2.645e+01 9.657e+01 
1.000e+03 2.919e+01 1.002e+02 
