1.000e-02 2.241e+01 2.531e-04 
1.250e-02 1.884e+01 3.753e-04 
1.500e-02 1.635e+01 5.181e-04 
1.750e-02 1.451e+01 6.808e-04 
2.000e-02 1.308e+01 8.626e-04 
2.500e-02 1.101e+01 1.281e-03 
3.000e-02 9.583e+00 1.769e-03 
3.500e-02 8.529e+00 2.323e-03 
4.000e-02 7.720e+00 2.941e-03 
4.500e-02 7.077e+00 3.618e-03 
5.000e-02 6.554e+00 4.353e-03 
5.500e-02 6.120e+00 5.143e-03 
6.000e-02 5.754e+00 5.986e-03 
7.000e-02 5.169e+00 7.824e-03 
8.000e-02 4.722e+00 9.851e-03 
9.000e-02 4.370e+00 1.205e-02 
1.000e-01 4.085e+00 1.442e-02 
1.250e-01 3.566e+00 2.100e-02 
1.500e-01 3.215e+00 2.840e-02 
1.750e-01 2.963e+00 3.652e-02 
2.000e-01 2.774e+00 4.525e-02 
2.500e-01 2.511e+00 6.426e-02 
3.000e-01 2.340e+00 8.493e-02 
3.500e-01 2.221e+00 1.069e-01 
4.000e-01 2.135e+00 1.299e-01 
4.500e-01 2.071e+00 1.537e-01 
5.000e-01 2.021e+00 1.781e-01 
5.500e-01 1.981e+00 2.031e-01 
6.000e-01 1.950e+00 2.286e-01 
7.000e-01 1.903e+00 2.805e-01 
8.000e-01 1.872e+00 3.335e-01 
9.000e-01 1.851e+00 3.872e-01 
1.000e+00 1.837e+00 4.415e-01 
1.250e+00 1.819e+00 5.783e-01 
1.500e+00 1.815e+00 7.160e-01 
1.750e+00 1.817e+00 8.537e-01 
2.000e+00 1.824e+00 9.910e-01 
2.500e+00 1.841e+00 1.264e+00 
3.000e+00 1.861e+00 1.534e+00 
3.500e+00 1.882e+00 1.801e+00 
4.000e+00 1.902e+00 2.065e+00 
4.500e+00 1.922e+00 2.327e+00 
5.000e+00 1.942e+00 2.586e+00 
5.500e+00 1.961e+00 2.842e+00 
6.000e+00 1.980e+00 3.096e+00 
7.000e+00 2.016e+00 3.596e+00 
8.000e+00 2.050e+00 4.088e+00 
9.000e+00 2.083e+00 4.572e+00 
1.000e+01 2.116e+00 5.048e+00 
1.250e+01 2.193e+00 6.209e+00 
1.500e+01 2.267e+00 7.330e+00 
1.750e+01 2.339e+00 8.415e+00 
2.000e+01 2.410e+00 9.468e+00 
2.500e+01 2.547e+00 1.149e+01 
3.000e+01 2.682e+00 1.340e+01 
3.500e+01 2.814e+00 1.522e+01 
4.000e+01 2.946e+00 1.695e+01 
4.500e+01 3.077e+00 1.862e+01 
5.000e+01 3.207e+00 2.021e+01 
5.500e+01 3.337e+00 2.174e+01 
6.000e+01 3.467e+00 2.320e+01 
7.000e+01 3.726e+00 2.599e+01 
8.000e+01 3.986e+00 2.858e+01 
9.000e+01 4.245e+00 3.101e+01 
1.000e+02 4.504e+00 3.330e+01 
1.250e+02 5.152e+00 3.849e+01 
1.500e+02 5.800e+00 4.306e+01 
1.750e+02 6.450e+00 4.714e+01 
2.000e+02 7.100e+00 5.083e+01 
2.500e+02 8.403e+00 5.730e+01 
3.000e+02 9.708e+00 6.283e+01 
3.500e+02 1.102e+01 6.766e+01 
4.000e+02 1.232e+01 7.195e+01 
4.500e+02 1.363e+01 7.581e+01 
5.000e+02 1.494e+01 7.931e+01 
5.500e+02 1.626e+01 8.252e+01 
6.000e+02 1.757e+01 8.547e+01 
7.000e+02 2.019e+01 9.078e+01 
8.000e+02 2.282e+01 9.544e+01 
9.000e+02 2.545e+01 9.958e+01 
1.000e+03 2.808e+01 1.033e+02 