1.000e-02 2.014e+01 2.820e-04 
1.250e-02 1.695e+01 4.179e-04 
1.500e-02 1.471e+01 5.767e-04 
1.750e-02 1.305e+01 7.575e-04 
2.000e-02 1.177e+01 9.595e-04 
2.500e-02 9.916e+00 1.424e-03 
3.000e-02 8.629e+00 1.966e-03 
3.500e-02 7.682e+00 2.582e-03 
4.000e-02 6.953e+00 3.267e-03 
4.500e-02 6.375e+00 4.019e-03 
5.000e-02 5.904e+00 4.835e-03 
5.500e-02 5.513e+00 5.712e-03 
6.000e-02 5.183e+00 6.648e-03 
7.000e-02 4.655e+00 8.688e-03 
8.000e-02 4.252e+00 1.094e-02 
9.000e-02 3.935e+00 1.339e-02 
1.000e-01 3.677e+00 1.602e-02 
1.250e-01 3.207e+00 2.333e-02 
1.500e-01 2.890e+00 3.156e-02 
1.750e-01 2.661e+00 4.059e-02 
2.000e-01 2.489e+00 5.032e-02 
2.500e-01 2.249e+00 7.152e-02 
3.000e-01 2.092e+00 9.462e-02 
3.500e-01 1.981e+00 1.192e-01 
4.000e-01 1.901e+00 1.450e-01 
4.500e-01 1.841e+00 1.718e-01 
5.000e-01 1.794e+00 1.993e-01 
5.500e-01 1.758e+00 2.274e-01 
6.000e-01 1.729e+00 2.561e-01 
7.000e-01 1.687e+00 3.147e-01 
8.000e-01 1.659e+00 3.746e-01 
9.000e-01 1.640e+00 4.352e-01 
1.000e+00 1.627e+00 4.964e-01 
1.250e+00 1.612e+00 6.509e-01 
1.500e+00 1.609e+00 8.062e-01 
1.750e+00 1.613e+00 9.614e-01 
2.000e+00 1.619e+00 1.116e+00 
2.500e+00 1.637e+00 1.423e+00 
3.000e+00 1.657e+00 1.727e+00 
3.500e+00 1.677e+00 2.027e+00 
4.000e+00 1.697e+00 2.323e+00 
4.500e+00 1.716e+00 2.616e+00 
5.000e+00 1.735e+00 2.906e+00 
5.500e+00 1.753e+00 3.193e+00 
6.000e+00 1.771e+00 3.476e+00 
7.000e+00 1.804e+00 4.036e+00 
8.000e+00 1.836e+00 4.585e+00 
9.000e+00 1.867e+00 5.125e+00 
1.000e+01 1.896e+00 5.657e+00 
1.250e+01 1.966e+00 6.952e+00 
1.500e+01 2.032e+00 8.202e+00 
1.750e+01 2.095e+00 9.414e+00 
2.000e+01 2.157e+00 1.059e+01 
2.500e+01 2.278e+00 1.284e+01 
3.000e+01 2.396e+00 1.498e+01 
3.500e+01 2.512e+00 1.702e+01 
4.000e+01 2.627e+00 1.897e+01 
4.500e+01 2.742e+00 2.083e+01 
5.000e+01 2.857e+00 2.262e+01 
5.500e+01 2.971e+00 2.433e+01 
6.000e+01 3.085e+00 2.598e+01 
7.000e+01 3.313e+00 2.911e+01 
8.000e+01 3.541e+00 3.203e+01 
9.000e+01 3.768e+00 3.477e+01 
1.000e+02 3.996e+00 3.735e+01 
1.250e+02 4.566e+00 4.319e+01 
1.500e+02 5.136e+00 4.835e+01 
1.750e+02 5.708e+00 5.297e+01 
2.000e+02 6.280e+00 5.714e+01 
2.500e+02 7.426e+00 6.446e+01 
3.000e+02 8.575e+00 7.072e+01 
3.500e+02 9.725e+00 7.619e+01 
4.000e+02 1.088e+01 8.105e+01 
4.500e+02 1.203e+01 8.542e+01 
5.000e+02 1.318e+01 8.939e+01 
5.500e+02 1.434e+01 9.302e+01 
6.000e+02 1.549e+01 9.637e+01 
7.000e+02 1.780e+01 1.024e+02 
8.000e+02 2.012e+01 1.077e+02 
9.000e+02 2.243e+01 1.124e+02 
1.000e+03 2.475e+01 1.166e+02 