1.000e-02 2.295e+01 2.463e-04 
1.250e-02 1.927e+01 3.657e-04 
1.500e-02 1.671e+01 5.055e-04 
1.750e-02 1.482e+01 6.646e-04 
2.000e-02 1.336e+01 8.426e-04 
2.500e-02 1.124e+01 1.253e-03 
3.000e-02 9.772e+00 1.731e-03 
3.500e-02 8.694e+00 2.275e-03 
4.000e-02 7.866e+00 2.880e-03 
4.500e-02 7.209e+00 3.545e-03 
5.000e-02 6.675e+00 4.267e-03 
5.500e-02 6.231e+00 5.043e-03 
6.000e-02 5.857e+00 5.871e-03 
7.000e-02 5.259e+00 7.677e-03 
8.000e-02 4.803e+00 9.669e-03 
9.000e-02 4.444e+00 1.184e-02 
1.000e-01 4.153e+00 1.417e-02 
1.250e-01 3.623e+00 2.064e-02 
1.500e-01 3.265e+00 2.793e-02 
1.750e-01 3.008e+00 3.592e-02 
2.000e-01 2.816e+00 4.452e-02 
2.500e-01 2.548e+00 6.325e-02 
3.000e-01 2.373e+00 8.362e-02 
3.500e-01 2.252e+00 1.053e-01 
4.000e-01 2.161e+00 1.280e-01 
4.500e-01 2.092e+00 1.515e-01 
5.000e-01 2.039e+00 1.757e-01 
5.500e-01 1.997e+00 2.005e-01 
6.000e-01 1.964e+00 2.258e-01 
7.000e-01 1.915e+00 2.774e-01 
8.000e-01 1.883e+00 3.300e-01 
9.000e-01 1.860e+00 3.835e-01 
1.000e+00 1.845e+00 4.375e-01 
1.250e+00 1.825e+00 5.739e-01 
1.500e+00 1.819e+00 7.111e-01 
1.750e+00 1.821e+00 8.485e-01 
2.000e+00 1.827e+00 9.856e-01 
2.500e+00 1.843e+00 1.258e+00 
3.000e+00 1.863e+00 1.528e+00 
3.500e+00 1.883e+00 1.795e+00 
4.000e+00 1.903e+00 2.059e+00 
4.500e+00 1.922e+00 2.320e+00 
5.000e+00 1.941e+00 2.579e+00 
5.500e+00 1.959e+00 2.836e+00 
6.000e+00 1.977e+00 3.090e+00 
7.000e+00 2.011e+00 3.591e+00 
8.000e+00 2.044e+00 4.084e+00 
9.000e+00 2.075e+00 4.570e+00 
1.000e+01 2.105e+00 5.048e+00 
1.250e+01 2.176e+00 6.217e+00 
1.500e+01 2.243e+00 7.348e+00 
1.750e+01 2.308e+00 8.446e+00 
2.000e+01 2.372e+00 9.515e+00 
2.500e+01 2.495e+00 1.157e+01 
3.000e+01 2.616e+00 1.353e+01 
3.500e+01 2.735e+00 1.540e+01 
4.000e+01 2.854e+00 1.718e+01 
4.500e+01 2.971e+00 1.890e+01 
5.000e+01 3.089e+00 2.055e+01 
5.500e+01 3.205e+00 2.214e+01 
6.000e+01 3.322e+00 2.367e+01 
7.000e+01 3.555e+00 2.658e+01 
8.000e+01 3.788e+00 2.931e+01 
9.000e+01 4.021e+00 3.187e+01 
1.000e+02 4.254e+00 3.429e+01 
1.250e+02 4.836e+00 3.979e+01 
1.500e+02 5.418e+00 4.468e+01 
1.750e+02 6.002e+00 4.906e+01 
2.000e+02 6.586e+00 5.303e+01 
2.500e+02 7.756e+00 6.002e+01 
3.000e+02 8.928e+00 6.603e+01 
3.500e+02 1.010e+01 7.129e+01 
4.000e+02 1.128e+01 7.597e+01 
4.500e+02 1.245e+01 8.019e+01 
5.000e+02 1.363e+01 8.402e+01 
5.500e+02 1.481e+01 8.754e+01 
6.000e+02 1.599e+01 9.079e+01 
7.000e+02 1.835e+01 9.662e+01 
8.000e+02 2.071e+01 1.018e+02 
9.000e+02 2.307e+01 1.063e+02 
1.000e+03 2.544e+01 1.105e+02 